11 73
20 88
19 73
15 65
21 57
26 101
24 117
35 106
37 96
35 147
41 151
42 137
43 127
41 206
47 213
49 238
40 229
48 236
41 232
48 148
51 207
42 206
50 154
48 213
50 243
52 247
47 206
46 283
45 205
53 252
51 233
51 192
51 208
48 242
49 205
52 233
45 244
45 229
48 184
47 212
47 240
51 216
45 238
48 215
52 209
45 240
49 192
53 205
47 205
44 161
49 197
50 207
49 207
48 262
47 219
51 211
52 204
53 206
50 209
51 200
49 184
46 235
55 181
52 182
50 217
52 234
45 203
45 252
55 206
47 226
53 209
51 190
47 226
50 197
54 229
54 288
48 230
53 216
47 247
47 228
50 209
51 208
52 204
56 198
51 258
48 206
55 249
56 268
46 210
54 230
56 251
54 238
56 176
55 179
46 215
53 240
55 170
54 216
53 202
51 208
50 252
53 189
56 244
47 213
47 225
52 229
56 232
49 213
50 197
55 204
50 218
50 197
48 239
53 207
48 205
52 221
48 230
55 226
55 196
55 226
58 190
50 194
57 212
51 184
57 240
57 250
50 245
53 203
54 246
48 178
55 226
58 224
55 213
51 200
57 201
49 198
51 213
53 192
58 213
54 221
50 214
56 275
58 213
53 159
59 258
52 133
51 201
52 238
49 149
50 249
49 238
55 224
50 199
53 217
52 223
56 248
55 202
55 215
57 203
49 193
55 199
49 222
51 249
51 243
54 200
55 214
57 210
58 293
51 203
52 217
59 200
57 208
51 243
59 282
57 205
53 213
54 183
56 205
57 214
54 217
52 204
57 246
58 279
55 189
53 242
52 207
58 236
59 167
52 201
52 198
54 205
59 198
59 221
61 199
52 195
59 223
58 198
57 213
58 215
53 203
52 212
55 204
60 211
60 201
57 234
54 277
58 183
53 218
60 248
55 210
60 218
53 204
55 210
57 210
51 271
55 197
51 291
57 205
54 204
52 202
61 208
58 186
53 236
54 192
53 261
61 225
57 209
52 192
60 198
60 196
59 224
62 210
53 193
53 203
58 203
57 215
58 210
59 214
57 219
60 239
58 197
60 193
56 203
56 208
57 217
59 237
58 244
58 206
55 225
62 219
62 225
53 219
57 208
59 222
55 203
62 209
56 178
56 206
58 313
55 203
62 205
58 213
55 194
54 226
57 207
55 203
55 271
61 238
60 216
59 218
63 232
62 202
60 169
62 206
59 219
57 201
55 192
56 254
56 200
56 246
63 224
60 306
58 202
57 207
58 248
62 201
55 184
56 232
63 220
57 220
56 225
63 194
62 181
62 226
58 211
62 166
55 221
59 299
55 214
65 204
60 196
60 209
63 190
60 199
56 217
59 191
57 195
60 222
63 211
57 174
60 208
55 214
61 224
60 199
61 221
60 142
57 238
55 166
65 228
56 217
55 206
59 234
56 210
61 220
55 234
58 211
64 231
58 242
61 210
64 239
60 213
63 253
58 194
61 229
57 205
65 209
57 242
61 220
65 195
64 224
62 202
57 261
62 172
60 197
64 192
58 221
60 210
65 209
56 221
61 218
57 204
60 210
61 219
62 251
65 213
56 225
61 168
58 283
60 187
66 192
58 228
65 216
58 221
61 240
64 226
63 187
57 206
65 171
63 328
58 216
57 202
59 200
59 214
64 226
67 241
66 219
66 216
64 204
62 250
63 220
59 206
60 216
67 172
59 223
61 208
57 233
63 197
60 206
61 200
67 205
67 204
65 223
60 223
61 213
61 214
67 205
64 211
62 211
60 200
59 215
59 200
62 232
58 187
65 261
64 204
64 222
61 199
62 210
68 201
62 201
65 207
65 222
64 210
65 280
64 240
67 224
62 220
66 184
62 236
67 202
66 216
65 217
66 197
66 222
59 231
64 215
68 249
60 239
60 229
58 274
66 212
65 208
60 202
67 211
60 224
60 199
63 199
58 200
64 218
59 151
61 239
61 206
68 214
66 223
62 214
61 210
64 265
61 286
67 175
59 276
62 214
65 210
61 209
68 165
67 261
64 166
66 211
66 203
60 205
68 227
64 215
65 230
69 206
69 176
62 207
69 188
60 216
69 218
65 210
69 181
66 207
62 199
64 231
63 199
62 205
69 184
62 255
69 186
67 214
66 217
68 296
67 235
63 228
63 253
62 226
61 224
62 205
61 188
69 222
64 180
68 198
66 208
68 180
65 215
64 251
66 229
67 236
61 207
69 202
60 197
69 210
64 251
63 182
67 194
65 225
70 206
66 224
66 199
69 183
71 228
62 205
66 207
68 223
69 200
71 208
68 239
63 293
62 184
71 206
67 204
66 215
70 200
71 169
62 216
64 303
69 330
71 218
66 208
68 176
61 220
65 214
64 163
66 204
61 227
65 219
68 230
70 236
71 221
66 201
62 227
65 213
64 203
69 193
67 194
63 189
69 231
65 219
70 237
66 200
67 305
62 212
64 232
67 257
70 228
65 179
67 206
63 216
69 229
72 228
68 182
70 202
72 173
66 225
63 214
64 170
72 214
73 216
64 212
65 228
67 192
71 203
70 213
63 224
65 218
64 180
66 189
69 235
63 192
66 236
69 180
71 235
69 266
69 214
71 222
71 193
73 284
67 215
74 310
66 218
73 174
73 181
72 216
69 213
66 331
64 173
67 179
65 198
69 203
68 221
68 196
70 194
74 226
73 214
74 233
66 228
67 229
67 219
72 223
68 209
66 186
73 221
69 217
68 122
68 221
71 201
71 242
66 206
65 202
67 199
64 198
66 193
69 215
70 230
70 182
69 214
68 244
74 238
74 225
67 214
69 212
68 216
73 225
74 231
74 204
73 192
68 217
70 221
71 181
68 231
71 238
68 234
75 187
67 222
71 191
67 219
66 198
70 182
72 223
71 247
70 185
72 205
66 198
68 222
72 234
70 210
70 207
69 177
70 218
74 200
76 190
74 199
76 223
75 221
71 205
70 204
76 225
73 371
74 160
71 178
74 211
68 204
70 212
74 238
67 171
68 277
68 201
74 198
74 200
73 220
74 241
69 226
67 260
74 296
67 220
71 220
74 217
75 162
73 216
75 173
68 206
70 213
69 157
72 208
67 195
69 184
73 247
70 215
70 209
73 345
77 194
76 206
72 223
69 225
70 217
77 204
72 242
70 180
67 252
68 216
71 212
68 257
69 204
67 176
68 225
72 230
71 215
73 169
70 258
71 229
71 211
74 209
69 229
74 215
78 208
72 178
74 211
78 218
77 232
75 220
70 228
77 229
72 246
75 230
77 195
76 215
75 182
69 230
77 201
73 234
73 179
73 191
72 191
69 195
72 188
79 219
76 209
76 224
75 210
70 203
72 212
70 218
75 217
71 184
74 224
77 222
75 189
71 210
76 206
73 216
74 187
75 215
71 233
72 219
72 229
78 223
73 214
79 104
76 227
74 231
70 182
74 218
71 207
77 238
76 179
75 224
72 177
71 187
80 228
78 171
72 183
72 202
78 251
81 230
81 246
76 227
77 224
79 220
80 225
76 186
75 183
80 200
81 228
75 197
81 229
76 228
74 228
81 214
81 212
80 234
79 234
79 228
82 219
81 231
76 226
74 250
79 223
72 266
73 225
76 216
80 226
81 188
80 177
76 175
72 226
78 213
75 217
77 212
81 192
75 220
79 227
74 227
76 215
82 322
77 228
77 215
75 224
78 110
80 214
74 218
82 362
75 239
80 223
80 194
82 245
79 219
75 224
74 190
79 243
73 220
80 227
81 222
75 182
77 210
77 221
80 272
79 221
83 224
81 230
76 218
80 233
81 204
77 218
78 220
78 225
79 224
77 131
75 172
78 222
82 234
82 237
76 172
78 219
84 202
77 179
76 231
85 186
75 228
75 234
84 236
83 237
84 241
83 232
78 198
86 225
78 237
85 239
84 231
80 227
83 212
84 209
84 204
81 208
77 215
83 194
76 251
79 230
81 210
82 283
80 215
83 176
83 230
78 235
84 225
84 244
86 185
80 258
87 195
82 184
79 152
84 200
84 232
79 184
84 212
81 209
83 267
87 209
78 208
81 212
81 236
79 226
86 158
77 230
87 227
81 224
79 184
82 218
87 141
87 147
82 274
81 232
85 218
87 196
80 118
81 238
88 195
82 238
81 206
79 265
86 212
80 235
78 223
86 187
85 139
84 206
82 150
82 231
86 322
86 176
82 225
79 246
82 204
82 236
88 228
87 234
78 291
87 219
82 225
85 227
87 187
86 196
84 298
87 231
83 239
84 235
81 204
85 265
85 239
82 177
86 228
83 226
79 199
88 227
84 212
82 219
84 208
85 197
86 201
89 167
82 223
84 215
81 217
88 231
89 222
84 222
85 187
82 223
81 201
80 219
82 210
86 229
85 186
80 202
82 229
86 223
80 199
86 209
85 209
88 238
84 184
87 224
88 231
83 210
80 218
86 214
83 221
82 188
84 264
84 234
81 162
88 226
88 207
84 131
80 208
82 222
84 147
87 138
85 138
82 249
87 239
87 243
90 200
87 165
81 189
84 213
80 199
90 237
89 230
88 164
86 164
84 231
84 227
82 202
83 230
81 241
81 231
81 188
86 228
88 244
85 233
89 201
87 204
82 244
81 304
81 224
88 193
83 220
80 241
82 229
83 247
81 186
82 238
82 233
88 239
83 259
87 220
82 239
88 238
82 206
87 208
85 197
85 226
87 222
83 182
86 247
80 221
88 175
85 225
83 273
86 212
89 126
81 215
88 239
83 198
82 204
89 235
88 222
90 213
82 168
88 217
83 212
85 249
84 252
88 234
82 214
90 206
88 194
90 230
82 189
84 230
84 237
86 206
84 239
84 244
88 227
85 231
86 243
87 225
82 210
84 228
91 251
87 207
87 249
83 225
89 233
86 212
84 175
86 237
82 246
83 232
86 210
82 234
90 264
84 174
91 237
88 212
88 236
89 245
84 231
90 195
88 215
84 234
81 243
89 147
90 240
85 239
90 207
90 261
89 231
87 135
86 224
90 238
83 233
85 167
89 182
82 223
84 222
85 234
85 206
90 221
85 243
82 176
84 181
89 226
90 233
91 293
85 221
83 222
86 211
83 223
89 221
91 222
88 183
90 205
84 208
92 217
86 168
88 236
84 125
92 209
91 204
88 237
89 131
90 236
84 253
91 210
83 221
91 204
89 226
86 223
89 229
88 229
88 251
91 194
92 219
92 180
89 216
83 228
83 222
90 223
92 208
88 235
82 238
91 213
90 233
88 226
90 226
91 193
86 226
87 247
89 255
82 252
83 219
85 224
87 246
90 218
89 180
86 242
85 247
90 201
82 166
84 239
85 271
82 224
87 176
87 238
88 220
90 228
84 234
84 236
89 207
89 174
90 221
91 187
88 187
92 216
87 245
84 242
90 235
86 218
87 225
85 229
85 234
84 188
82 206
86 219
91 234
87 215
86 218
84 233
87 235
85 228
84 244
89 227
88 226
84 204
92 236
89 248
88 241
89 192
89 229
88 207
83 228
86 227
85 219
86 214
85 225
92 202
87 199
86 236
89 262
89 210
93 228
91 163
83 179
92 222
91 204
90 230
86 206
86 216
86 190
88 196
84 227
91 234
92 220
87 203
85 229
87 212
87 215
87 170
92 217
86 210
89 205
91 169
93 238
88 229
91 191
90 179
84 238
85 258
87 238
88 187
88 225
83 215
90 234
90 188
84 213
84 210
86 176
91 208
89 247
93 247
89 247
89 229
87 224
84 232
86 228
87 232
89 252
86 222
90 248
91 201
85 236
90 201
88 226
87 227
85 236
86 239
87 214
91 222
86 201
86 195
88 209
89 139
90 206
89 215
86 241
92 217
90 200
89 224
86 164
84 206
85 187
83 153
90 230
93 211
83 211
89 262
91 229
86 224
90 159
91 163
86 220
93 172
90 201
94 224
94 206
89 177
88 241
91 190
90 225
91 230
91 218
93 255
92 232
86 200
84 210
84 238
90 195
87 189
89 169
93 234
92 213
92 204
93 175
87 149
92 191
87 239
85 202
85 126
91 268
88 231
85 223
88 183
93 184
89 237
91 214
89 218
87 203
93 230
85 207
86 170
92 205
86 201
85 181
94 210
89 205
86 211
87 216
88 220
90 240
88 229
93 226
92 164
89 215
91 236
93 201
88 224
91 174
86 192
89 225
93 224
94 212
86 216
86 239
93 200
93 193
86 174
87 218
90 240
93 185
91 224
93 216
92 266
92 209
89 176
85 211
84 202
86 188
87 231
84 190
87 184
90 237
84 249
92 165
93 231
90 240
94 233
93 233
92 176
89 229
87 229
93 205
84 226
89 187
86 207
90 220
87 203
90 209
88 203
84 204
91 233
90 210
86 196
92 236
85 191
91 192
84 212
84 208
86 184
89 172
91 184
88 214
90 220
89 193
93 219
88 241
92 219
92 257
87 186
85 170
87 227
87 219
87 220
93 178
91 210
87 211
93 225
88 168
92 219
91 240
89 221
93 219
89 211
85 226
92 194
88 203
91 193
88 205
86 189
92 221
87 211
89 206
86 225
88 220
93 246
86 196
92 180
93 183
92 223
91 216
93 212
92 242
90 200
91 183
88 192
88 264
91 226
91 180
87 188
94 248
88 211
90 178
94 182
87 219
86 166
90 221
85 208
89 241
94 244
86 230
90 236
88 170
90 172
93 299
94 247
89 198
85 205
93 176
95 210
86 174
88 221
87 210
93 208
85 227
85 239
87 203
95 202
93 209
94 210
90 190
94 199
87 238
86 235
87 223
85 227
88 199
85 176
92 211
86 207
88 213
93 217
85 208
87 200
91 273
90 187
88 237
87 172
92 207
89 215
94 200
94 210
91 236
85 166
90 171
90 218
93 190
92 166
90 230
86 204
90 235
92 207
93 214
86 206
88 228
87 177
92 198
93 220
86 220
86 170
85 207
87 204
89 210
88 203
89 207
85 221
87 236
87 244
94 204
93 232
91 243
89 254
92 173
92 188
92 230
93 166
86 210
88 238
94 238
89 232
90 224
94 233
94 213
91 162
94 237
94 222
89 205
86 207
91 212
85 238
88 205
94 177
95 216
86 268
86 204
94 205
90 186
89 204
89 200
90 170
92 208
92 210
90 167
89 227
85 231
90 221
87 247
90 218
90 243
93 180
86 206
91 233
86 166
92 230
88 176
93 197
91 257
90 224
90 210
91 208
92 227
89 184
86 207
92 196
87 239
88 207
89 190
88 172
88 207
89 225
87 209
86 238
92 222
87 211
85 193
89 198
86 199
85 230
93 202
91 209
89 187
95 178
91 208
94 205
94 211
92 200
87 210
92 187
95 208
87 207
95 202
90 203
87 226
89 207
91 238
87 217
89 170
90 211
95 222
95 243
94 243
91 234
95 242
93 151
91 206
91 201
89 178
93 235
86 202
88 173
89 184
94 223
90 176
87 195
89 188
90 202
95 223
92 185
96 181
90 185
87 216
86 189
89 221
95 215
93 199
87 196
88 195
92 197
87 210
93 203
94 247
87 188
91 269
95 240
87 207
91 213
89 199
94 251
96 204
87 192
88 160
93 236
90 163
92 208
90 184
95 211
91 205
87 202
96 234
89 222
94 206
88 193
90 202
95 254
90 251
92 202
88 170
95 211
87 200
88 186
89 239
89 227
90 300
87 231
93 198
90 228
94 165
87 224
87 210
93 220
93 257
92 205
95 208
89 191
95 232
87 163
88 221
90 181
94 194
88 177
95 209
91 183
88 196
95 225
93 198
86 202
88 227
93 219
95 209
91 205
93 191
91 233
87 228
87 190
93 203
88 184
95 198
91 180
93 243
94 240
90 222
94 195
89 220
90 210
93 151
87 199
95 215
92 210
88 220
90 183
86 206
87 210
93 211
88 227
95 175
93 233
94 234
86 219
90 203
95 240
95 172
87 195
90 227
93 188
89 203
93 238
95 202
95 190
94 202
96 208
94 219
93 186
92 222
93 203
91 207
89 194
86 203
96 208
91 223
90 204
94 201
91 197
93 206
91 191
93 210
96 178
91 229
88 186
86 192
93 200
86 212
88 208
89 220
87 221
86 162
91 195
94 188
88 237
90 243
87 203
94 277
90 181
92 181
96 230
89 158
92 177
95 212
88 229
87 224
89 148
95 172
93 186
88 200
97 190
95 185
96 180
94 355
96 208
90 206
88 174
96 209
89 252
90 225
87 185
94 243
93 184
94 191
88 184
95 204
96 216
88 180
93 214
97 190
93 237
92 221
93 183
96 150
93 240
88 175
94 211
96 210
92 174
91 205
96 202
94 186
94 180
94 234
89 177
88 235
92 182
95 205
88 233
96 170
88 179
91 219
91 241
95 208
90 196
92 225
89 206
92 206
96 228
90 187
93 223
88 227
89 211
89 231
90 223
90 202
92 209
92 179
97 201
89 201
93 180
94 223
96 221
97 183
89 168
89 211
88 180
97 235
94 180
96 201
95 237
91 215
91 183
94 225
89 211
94 220
93 202
90 228
94 178
91 181
94 173
93 209
97 233
88 186
90 213
93 207
97 190
92 186
89 217
88 160
97 208
93 231
90 234
96 215
88 219
95 233
91 207
92 181
95 201
92 192
93 184
91 192
93 175
95 185
96 189
95 199
89 205
93 274
94 238
92 208
95 192
95 217
90 213
94 168
89 237
88 168
90 190
97 185
93 247
90 197
91 167
88 303
93 214
91 220
89 210
93 178
94 182
90 205
93 170
89 221
89 211
93 201
89 218
96 206
91 203
87 204
97 174
91 235
92 148
97 186
95 202
94 199
97 212
87 201
97 203
96 213
90 228
92 200
88 203
96 188
93 196
97 189
92 204
93 208
91 197
92 223
95 208
88 208
94 191
95 177
95 218
98 213
98 197
96 228
94 185
91 183
91 202
90 212
97 228
93 219
96 236
90 213
92 292
96 185
90 215
94 206
97 232
97 187
89 209
90 182
97 170
89 213
89 179
96 174
98 211
96 194
97 173
94 229
94 161
96 178
96 178
90 196
98 226
96 176
98 165
94 185
97 212
89 197
89 197
96 217
89 209
96 266
92 196
89 188
97 188
90 225
91 204
94 224
93 179
95 193
92 159
97 248
95 209
91 242
88 211
92 184
88 182
91 208
89 192
94 210
95 293
98 291
94 189
94 215
96 233
93 207
96 174
95 191
93 213
94 207
89 201
91 192
93 204
94 189
88 190
95 184
93 193
89 208
97 203
89 228
98 188
95 207
96 215
97 198
93 205
95 224
94 242
90 197
94 196
97 213
96 221
92 195
94 170
95 240
97 184
96 211
95 203
97 279
93 243
92 209
91 210
90 309
89 217
90 211
90 172
90 292
93 181
90 218
89 202
95 204
90 199
94 241
90 188
90 174
91 198
92 187
94 178
91 172
96 180
94 184
94 239
94 205
98 185
89 249
96 266
90 214
93 243
95 180
90 181
93 203
94 209
98 176
89 211
97 212
90 195
90 248
92 187
91 193
93 231
98 235
93 187
91 211
93 213
94 176
97 185
95 205
94 179
95 184
91 185
89 179
98 196
89 197
92 180
92 197
90 164
97 207
90 214
97 178
94 179
97 182
90 214
93 208
98 255
94 250
94 195
93 224
93 167
92 237
92 215
96 191
90 212
95 174
98 184
94 205
89 206
92 181
99 183
98 229
96 205
96 234
99 218
99 227
95 206
96 207
90 232
95 195
98 189
97 231
94 209
98 177
90 206
92 204
98 225
99 194
94 203
96 207
99 252
98 178
94 179
96 209
93 160
94 175
95 168
92 204
92 276
93 190
98 228
94 191
98 200
97 217
94 159
97 187
91 186
98 191
94 218
95 192
90 181
99 164
92 202
96 153
96 177
93 205
90 184
99 205
96 214
94 227
94 133
98 200
98 236
94 213
99 207
91 222
98 176
97 192
98 214
97 193
90 204
94 170
89 217
92 200
91 240
93 267
92 183
96 195
93 182
90 209
89 179
93 228
96 254
96 187
90 182
98 211
99 214
96 190
90 187
92 178
95 232
95 111
96 190
94 225
95 230
92 204
94 193
94 233
96 170
97 205
93 193
92 188
91 175
99 286
91 187
99 246
96 211
92 168
92 166
99 230
97 171
95 192
99 247
95 192
93 194
99 182
95 182
92 196
91 235
97 172
91 183
90 179
91 142
94 181
97 210
90 182
98 208
100 192
98 168
98 283
92 171
96 233
98 203
99 189
90 190
94 180
92 318
97 229
99 320
97 206
97 185
92 216
97 192
94 190
98 199
97 217
95 167
93 171
91 189
100 205
99 179
99 217
95 212
91 230
97 188
91 182
100 186
92 207
100 195
99 184
97 179
96 145
98 194
95 207
95 185
99 201
95 182
92 241
92 226
92 198
92 211
97 214
100 214
99 202
101 208
99 210
96 175
98 180
94 214
95 232
92 179
100 205
97 213
94 212
100 203
93 211
101 238
95 183
99 219
92 212
93 227
98 192
94 205
98 146
92 238
92 216
91 231
95 333
101 220
91 226
96 311
97 181
92 185
101 269
93 179
93 198
98 228
96 219
97 239
91 173
100 179
96 233
100 179
93 200
99 170
96 171
95 204
101 192
97 201
93 177
97 182
96 195
100 199
100 210
94 192
96 215
100 190
100 220
96 200
101 275
96 182
101 211
98 169
99 236
98 232
96 228
93 207
98 181
95 176
101 216
100 221
101 238
101 178
100 217
99 209
100 178
102 155
95 207
93 220
97 234
100 175
97 206
96 201
99 210
93 227
96 208
92 173
98 218
101 181
92 211
93 241
98 277
101 243
102 193
100 216
98 164
97 219
98 255
101 206
94 252
99 168
97 230
94 238
97 188
98 249
98 167
99 184
97 270
94 212
100 209
103 174
94 171
98 266
94 193
97 242
97 191
94 182
97 158
97 227
94 180
94 197
96 183
95 172
99 237
94 189
100 226
97 185
95 205
99 188
95 196
100 197
96 171
98 221
96 231
100 246
96 228
93 232
97 160
102 182
96 179
99 369
99 187
95 84
96 297
102 223
94 224
95 249
98 185
103 186
95 246
102 334
99 214
101 238
100 238
103 212
97 208
103 221
101 195
95 184
103 203
94 222
103 327
94 300
102 175
95 217
95 196
98 131
96 276
104 176
98 203
102 206
96 210
101 183
96 230
103 212
105 195
103 231
103 222
104 173
102 195
98 221
96 217
102 177
100 176
100 213
98 231
100 214
97 210
104 208
96 199
102 171
102 218
101 198
97 220
101 196
96 175
103 328
101 235
98 189
106 220
100 190
98 229
103 172
98 224
98 177
98 232
105 231
97 220
102 244
102 179
105 224
100 199
100 217
97 205
100 193
100 218
100 230
105 182
106 214
96 191
98 220
103 250
97 234
107 202
100 190
98 264
104 143
99 227
103 202
101 210
101 220
103 181
99 235
97 190
102 185
99 249
98 222
99 181
104 226
104 229
99 216
106 209
99 226
107 209
102 245
101 189
102 187
106 248
99 187
104 211
105 247
102 230
108 183
102 233
101 218
105 221
101 180
105 205
101 181
101 226
99 201
99 194
108 233
107 182
99 206
104 245
104 212
106 192
100 203
105 309
105 208
99 231
105 224
100 283
100 195
102 217
99 203
102 285
100 220
106 219
101 211
101 200
107 262
107 260
104 216
102 224
109 208
107 184
100 228
100 201
103 234
109 218
107 241
101 120
108 230
108 205
107 199
108 232
106 205
107 224
102 209
106 209
104 166
108 194
106 219
109 187
102 223
108 223
106 217
107 213
104 197
109 202
103 231
104 191
110 182
111 221
105 238
107 222
101 192
106 239
110 214
103 190
110 221
102 220
108 228
106 248
107 224
104 228
105 224
110 228
103 190
103 206
110 212
101 186
102 225
109 222
106 179
105 193
102 246
106 221
106 228
108 209
104 185
104 217
103 244
102 256
110 196
104 223
105 216
106 205
103 237
103 218
105 187
108 234
102 184
107 205
109 221
109 204
103 196
107 241
103 237
108 214
109 240
108 222
106 232
102 229
110 206
109 226
103 236
109 243
107 195
108 218
103 224
105 209
111 224
111 191
104 276
110 205
106 226
111 215
112 227
105 203
104 229
109 197
111 208
111 231
105 206
107 232
111 250
111 220
107 206
107 223
104 224
107 249
106 314
110 222
105 234
106 224
112 213
107 222
106 189
106 221
113 179
109 217
114 182
113 330
108 216
108 197
113 240
104 173
109 235
107 205
112 206
109 231
112 237
113 211
110 186
104 244
110 219
110 218
114 198
112 236
107 210
106 218
107 214
111 236
111 227
110 212
114 227
115 236
113 219
115 184
109 207
115 237
109 262
110 259
109 250
113 242
113 227
114 179
114 222
106 205
108 249
106 226
109 203
110 179
111 230
110 249
114 241
106 249
109 220
106 207
107 212
113 219
108 173
114 234
107 228
111 240
112 215
107 251
114 226
110 214
115 231
111 247
111 241
114 190
113 227
107 239
109 140
108 212
114 215
110 228
112 268
115 209
115 223
112 220
111 235
114 223
115 176
106 220
111 239
110 213
116 171
111 183
109 226
114 230
112 238
112 204
110 214
111 216
111 220
112 228
113 198
116 208
112 185
116 219
112 233
117 253
114 196
107 238
111 192
115 206
107 185
107 250
109 224
113 223
111 223
109 196
114 211
112 225
112 251
107 212
109 97
116 240
110 187
115 192
112 311
107 215
109 250
117 191
110 216
111 232
117 211
110 183
109 244
116 220
112 226
113 219
107 224
108 229
108 211
114 208
114 236
117 185
115 228
118 217
114 232
116 213
117 226
116 228
117 216
108 186
115 204
116 238
110 231
116 207
115 221
110 182
110 214
116 211
117 211
111 222
114 238
113 237
111 211
113 220
115 219
116 235
110 197
113 225
108 208
114 223
113 246
117 239
119 220
114 249
118 212
117 229
118 245
116 228
112 225
117 212
110 213
114 219
112 209
112 224
114 219
117 216
117 265
110 230
113 229
113 217
116 233
117 218
115 184
117 216
117 216
116 92
112 214
117 225
115 234
118 212
117 244
113 221
118 209
113 227
118 235
111 206
119 185
113 216
113 205
117 228
114 237
110 195
115 245
116 192
110 204
116 217
119 210
112 188
117 195
117 224
117 222
112 186
119 217
118 221
113 169
114 194
114 193
114 233
111 208
118 225
114 213
111 238
115 217
117 231
114 216
115 223
115 214
113 192
115 218
110 213
115 218
114 214
111 216
114 215
120 206
118 247
111 193
113 208
117 227
117 206
117 191
110 214
119 213
119 223
119 208
114 231
117 220
111 239
114 224
119 186
118 194
115 195
119 215
112 185
120 204
111 235
114 228
113 188
120 198
118 200
117 213
117 183
114 226
114 204
113 206
113 238
113 205
117 226
118 206
119 228
114 194
114 268
121 216
118 212
117 224
114 191
116 221
120 212
119 222
121 225
118 227
120 202
120 211
116 256
120 242
115 223
116 227
116 217
115 175
112 224
115 218
112 176
112 195
114 213
121 219
121 227
117 187
115 222
116 230
119 238
118 221
120 222
116 171
118 237
115 234
122 229
122 261
113 256
121 212
113 213
115 251
116 191
121 200
120 205
119 206
117 200
117 214
115 228
120 223
117 215
115 218
121 211
121 228
119 216
120 224
115 217
119 219
115 218
119 225
117 221
115 236
117 227
114 250
121 216
122 215
116 192
122 235
121 232
115 219
121 201
121 201
113 154
121 233
118 226
115 219
120 254
122 234
118 214
122 222
119 243
114 219
115 194
116 215
113 240
117 218
119 284
114 233
123 213
122 205
114 212
117 209
119 220
114 209
121 188
122 233
119 224
121 196
113 213
121 225
119 216
118 237
118 204
119 230
121 225
117 227
121 224
114 199
120 236
119 231
114 211
118 203
120 198
114 215
122 216
122 212
123 208
122 228
119 213
116 215
123 208
117 216
124 200
118 222
115 231
117 211
122 292
120 210
124 184
114 220
119 236
119 202
114 196
115 204
124 222
121 224
121 209
115 221
115 256
120 248
122 267
122 213
116 184
122 224
121 229
124 211
120 204
116 211
122 227
124 171
114 213
117 252
124 198
120 219
120 307
118 198
114 189
115 220
121 227
119 208
121 242
117 212
125 222
118 182
124 203
118 215
120 184
119 204
119 189
116 208
119 194
117 224
121 209
118 221
122 207
119 207
121 218
121 237
117 213
124 199
122 201
120 203
121 213
119 222
118 278
118 204
121 236
118 206
120 226
121 215
121 212
119 198
117 217
125 218
125 229
126 206
116 194
119 205
120 212
125 228
121 201
121 180
116 183
123 191
122 211
116 232
119 217
121 234
125 236
118 233
125 246
120 224
123 212
117 229
121 220
125 227
121 208
117 221
121 202
116 228
125 208
119 216
120 225
123 210
121 217
124 210
123 215
126 228
126 231
125 220
124 209
126 198
123 255
125 215
120 212
119 174
117 212
124 380
125 209
123 216
118 229
123 243
121 198
118 162
123 219
124 215
126 214
118 189
127 234
124 252
125 211
119 208
119 228
125 189
126 244
125 214
119 206
119 207
119 246
126 211
124 207
119 214
126 207
119 211
122 220
123 213
128 223
124 235
127 211
125 199
125 186
126 230
121 227
119 221
119 212
122 209
119 200
122 207
121 244
127 224
126 211
120 203
123 210
124 219
122 240
124 244
124 207
123 247
121 205
127 245
124 221
120 196
120 170
127 230
120 204
125 211
128 221
124 200
121 243
122 170
125 219
119 218
123 231
126 216
120 205
129 220
121 182
126 301
125 207
126 210
128 218
127 215
126 220
129 219
122 209
124 212
125 194
129 191
122 215
128 230
123 219
125 188
125 221
119 233
126 219
121 311
123 219
120 224
125 224
120 218
128 214
129 178
124 209
126 234
129 224
123 234
124 218
124 211
124 207
122 199
127 231
125 214
128 219
128 221
127 230
125 211
129 231
123 234
128 202
124 224
125 206
126 219
126 226
127 230
127 218
127 217
129 208
120 223
123 205
129 211
122 216
127 178
127 230
127 208
127 222
124 276
126 205
130 246
130 224
131 210
130 136
127 232
128 207
124 220
128 225
121 254
121 241
128 219
125 109
124 216
129 194
126 214
130 214
130 229
131 226
125 215
126 217
125 209
130 171
121 331
129 226
123 227
123 214
129 201
130 213
126 223
127 228
128 218
129 208
122 219
130 234
129 232
131 237
124 123
124 192
132 212
124 229
128 225
128 206
126 201
127 221
123 214
133 213
127 209
130 226
129 242
126 214
125 201
131 192
124 208
132 211
130 232
131 175
132 217
130 234
129 215
130 227
124 213
123 210
129 253
130 259
125 235
129 220
131 220
128 241
130 221
131 201
132 219
128 211
126 210
125 229
128 193
134 220
125 214
129 214
126 225
134 223
127 250
129 208
130 192
133 202
131 239
132 209
126 207
129 209
132 214
134 215
131 207
128 210
134 219
130 222
129 220
126 291
132 228
128 213
125 234
134 210
128 213
133 215
132 212
132 214
134 211
130 218
127 235
128 207
132 241
136 210
129 214
128 250
130 210
127 208
130 203
133 216
131 212
134 211
135 210
130 211
129 212
127 196
130 217
132 159
134 207
136 225
132 202
137 161
131 203
134 206
137 161
137 120
134 118
135 270
136 270
168 186 
166 247 
169 201 
169 218 
165 175 
164 209 
172 185 
164 210 
169 239 
168 183 
166 219 
168 198 
173 218 
168 249 
166 167 
167 186 
166 219 
166 162 
169 189 
170 199 
168 206 
172 207 
169 202 
168 226 
175 217 
176 215 
168 226 
175 210 
174 217 
168 216 
174 223 
169 236 
168 210 
174 203 
168 197 
172 285 
169 228 
174 214 
168 226 
177 206 
172 232 
176 213 
177 222 
176 217 
171 314 
170 217 
177 222 
176 217 
168 220 
173 210 
175 212 
169 218 
169 209 
176 256 
169 235 
177 225 
173 241 
175 217 
172 207 
177 234 
173 214 
178 210 
172 216 
173 172 
175 235 
170 204 
176 232 
179 267 
178 313 
176 225 
177 157 
179 233 
178 216 
178 230 
179 215 
177 216 
170 212 
177 213 
170 230 
170 213 
173 343 
179 214 
176 206 
171 212 
172 208 
180 258 
179 202 
179 222 
177 279 
171 223 
170 225 
178 208 
177 210 
171 226 
171 198 
178 207 
172 292 
172 220 
171 207 
176 214 
178 214 
173 257 
174 219 
179 215 
177 212 
177 292 
177 215 
173 206 
175 212 
175 220 
178 210 
179 202 
178 229 
174 202 
181 207 
180 245 
176 215 
174 216 
172 208 
174 164 
176 217 
173 293 
179 198 
178 219 
175 219 
173 220 
175 208 
177 198 
176 232 
181 235 
176 212 
180 221 
180 233 
175 221 
178 202 
178 215 
172 222 
173 243 
181 242 
179 219 
181 174 
179 209 
181 204 
178 221 
178 178 
177 254 
176 245 
175 227 
181 214 
180 216 
174 183 
177 204 
180 207 
176 194 
174 229 
181 212 
183 205 
176 241 
182 220 
179 218 
176 217 
174 239 
178 212 
179 219 
182 175 
177 231 
179 236 
180 237 
174 284 
180 214 
180 218 
177 225 
176 223 
174 205 
180 221 
181 212 
173 196 
181 222 
177 222 
180 219 
183 190 
182 210 
180 228 
179 257 
179 208 
180 208 
178 225 
175 201 
182 289 
175 209 
181 245 
180 200 
178 231 
178 210 
175 232 
180 225 
183 214 
184 204 
174 211 
179 219 
176 217 
179 215 
184 224 
174 213 
181 229 
180 250 
183 180 
174 205 
180 212 
179 232 
180 215 
184 212 
183 194 
181 221 
179 222 
178 173 
182 212 
177 236 
183 221 
177 233 
183 220 
185 170 
179 175 
179 216 
180 216 
180 221 
182 234 
181 196 
178 199 
178 245 
184 214 
184 218 
184 219 
179 231 
185 190 
183 213 
184 211 
183 221 
177 212 
176 231 
185 209 
177 230 
182 242 
183 227 
184 201 
178 203 
178 223 
184 219 
178 210 
175 248 
184 195 
177 225 
180 223 
175 186 
185 219 
181 218 
182 253 
176 217 
176 252 
180 209 
180 124 
184 217 
181 225 
186 201 
182 204 
184 173 
177 215 
176 209 
177 229 
185 277 
176 205 
183 228 
178 238 
184 223 
184 210 
185 180 
177 218 
183 217 
179 221 
184 235 
177 194 
181 224 
178 239 
185 206 
185 251 
180 223 
177 219 
184 211 
182 211 
176 211 
184 269 
186 205 
178 213 
186 238 
178 212 
184 222 
183 217 
180 208 
177 222 
181 213 
184 235 
181 205 
180 223 
178 218 
185 215 
179 205 
179 304 
179 231 
181 212 
179 214 
184 184 
183 188 
181 215 
182 211 
186 229 
182 221 
177 214 
180 211 
182 210 
186 223 
180 177 
178 224 
181 240 
179 241 
181 218 
177 196 
181 193 
181 203 
183 233 
186 231 
185 223 
178 254 
183 221 
185 216 
183 218 
186 221 
177 169 
185 227 
181 176 
184 222 
183 197 
182 226 
182 215 
188 190 
186 208 
188 228 
185 213 
188 216 
184 218 
180 238 
184 226 
182 223 
187 220 
184 223 
185 222 
184 164 
186 219 
181 234 
187 212 
183 236 
183 240 
179 218 
186 217 
178 327 
185 218 
180 242 
182 223 
183 210 
185 223 
180 211 
179 230 
187 211 
186 216 
185 218 
185 213 
185 214 
186 217 
184 202 
180 212 
178 233 
182 235 
179 237 
178 218 
179 187 
182 230 
185 216 
185 250 
185 193 
186 194 
182 223 
180 233 
189 216 
180 225 
183 185 
184 220 
187 199 
186 155 
184 183 
181 213 
179 215 
189 197 
187 221 
186 221 
182 215 
187 224 
182 208 
182 244 
184 204 
183 210 
187 218 
182 227 
180 212 
180 191 
182 216 
184 197 
185 223 
181 265 
183 217 
189 208 
179 214 
189 228 
187 222 
180 230 
187 223 
189 207 
179 187 
182 216 
182 206 
185 201 
185 218 
181 231 
181 245 
180 245 
182 222 
188 186 
188 230 
187 232 
189 226 
183 217 
186 223 
181 207 
185 228 
181 222 
182 206 
190 216 
182 210 
187 228 
189 191 
188 241 
183 218 
189 240 
190 232 
186 233 
189 236 
184 222 
186 224 
185 217 
189 235 
185 165 
183 184 
186 199 
189 209 
182 196 
187 211 
186 228 
189 243 
183 221 
191 231 
184 223 
190 241 
191 191 
186 193 
183 214 
183 213 
183 187 
181 195 
184 206 
191 191 
185 228 
184 221 
188 216 
187 214 
183 281 
188 234 
182 197 
188 242 
183 226 
181 231 
184 232 
186 219 
185 184 
187 193 
190 186 
188 209 
184 254 
185 238 
188 213 
183 198 
190 242 
184 213 
185 206 
186 224 
190 234 
186 211 
190 192 
189 215 
184 228 
184 213 
189 199 
188 225 
190 243 
187 208 
185 223 
190 200 
187 207 
191 224 
189 232 
186 192 
191 182 
182 216 
183 228 
189 208 
188 230 
189 227 
185 229 
185 188 
183 182 
191 185 
191 214 
186 190 
192 237 
193 234 
183 249 
192 232 
188 234 
185 248 
184 233 
184 226 
192 200 
185 190 
191 229 
191 239 
186 215 
188 215 
184 239 
187 234 
193 209 
189 237 
186 191 
184 209 
184 229 
186 224 
186 194 
186 222 
188 236 
183 211 
184 226 
191 220 
188 199 
187 212 
187 222 
184 243 
186 228 
192 223 
185 250 
189 318 
186 254 
186 228 
192 211 
186 252 
188 234 
185 243 
187 193 
189 223 
187 204 
194 221 
187 219 
184 220 
186 241 
187 211 
186 213 
188 201 
192 243 
187 205 
187 161 
187 188 
186 227 
193 205 
188 189 
190 231 
189 244 
190 142 
190 240 
190 231 
193 222 
191 244 
190 231 
192 245 
191 229 
192 221 
194 240 
192 218 
191 216 
194 218 
189 228 
187 220 
191 261 
187 187 
192 233 
189 230 
192 216 
194 214 
194 235 
194 191 
191 221 
189 227 
195 223 
187 228 
193 228 
189 232 
190 215 
186 207 
193 233 
195 241 
191 154 
193 239 
192 209 
186 238 
194 233 
195 190 
188 205 
187 241 
189 227 
194 226 
194 227 
191 217 
195 259 
191 220 
192 192 
196 208 
187 368 
193 211 
197 201 
197 208 
190 219 
188 240 
193 206 
188 220 
195 206 
194 178 
187 195 
195 175 
194 175 
189 228 
188 185 
187 220 
196 214 
187 228 
190 167 
191 191 
196 211 
193 251 
190 319 
190 211 
191 225 
192 247 
191 223 
195 194 
190 193 
192 195 
194 177 
193 227 
188 228 
189 225 
195 242 
192 234 
191 226 
196 221 
193 215 
197 223 
190 251 
192 176 
192 220 
197 176 
188 221 
196 223 
197 229 
193 208 
192 212 
191 246 
198 242 
188 234 
190 231 
190 186 
191 210 
193 199 
192 180 
196 237 
198 219 
197 233 
192 236 
198 234 
195 231 
193 228 
195 209 
191 217 
194 183 
195 233 
192 218 
193 220 
196 232 
190 215 
195 206 
192 238 
191 193 
194 178 
192 206 
194 216 
200 219 
192 214 
194 249 
197 222 
200 219 
195 181 
195 208 
198 176 
191 260 
199 194 
198 233 
199 233 
196 238 
196 224 
191 184 
200 218 
198 219 
197 237 
194 233 
198 225 
194 249 
197 185 
190 221 
196 220 
194 231 
195 219 
196 226 
196 228 
196 184 
196 207 
195 221 
196 239 
198 214 
199 200 
195 253 
200 212 
201 243 
192 265 
195 252 
198 203 
198 236 
200 236 
192 198 
191 232 
197 217 
193 230 
196 219 
194 218 
198 186 
192 226 
199 188 
195 230 
199 232 
196 216 
194 239 
194 252 
192 250 
194 242 
195 181 
197 214 
202 261 
197 225 
199 222 
202 217 
202 230 
200 192 
193 240 
201 179 
201 224 
194 201 
199 194 
200 230 
197 232 
197 217 
201 184 
198 158 
202 206 
193 226 
202 230 
201 225 
203 180 
199 222 
203 208 
198 226 
195 227 
201 231 
196 196 
201 251 
201 227 
203 199 
202 213 
201 194 
197 194 
196 205 
202 172 
196 186 
198 178 
198 221 
195 186 
194 228 
202 189 
195 226 
201 312 
202 228 
196 240 
199 226 
199 198 
204 240 
195 221 
196 222 
201 267 
203 192 
202 185 
195 218 
197 172 
198 198 
195 219 
197 191 
202 306 
202 214 
196 216 
196 199 
204 233 
200 247 
196 233 
200 231 
197 222 
197 236 
200 185 
204 269 
197 182 
205 195 
197 179 
200 179 
204 185 
198 208 
198 236 
198 230 
199 366 
205 182 
206 240 
202 249 
201 237 
201 265 
198 233 
206 188 
199 225 
206 216 
199 208 
205 268 
199 225 
200 206 
207 231 
205 225 
197 225 
202 159 
207 189 
205 217 
207 209 
202 211 
205 181 
206 213 
200 164 
203 181 
200 222 
200 206 
200 154 
206 177 
202 169 
205 164 
203 254 
198 196 
202 199 
203 168 
198 176 
200 184 
205 179 
206 165 
200 284 
201 184 
201 177 
206 173 
204 207 
205 174 
198 214 
204 226 
207 192 
204 176 
207 200 
206 237 
207 217 
202 183 
207 211 
208 229 
201 180 
205 212 
202 221 
203 232 
199 223 
200 232 
201 184 
204 207 
199 233 
203 309 
201 235 
206 267 
201 137 
200 190 
205 203 
201 224 
207 191 
200 205 
205 190 
207 220 
201 160 
201 220 
203 174 
208 213 
200 253 
209 191 
200 331 
204 226 
201 227 
207 180 
203 221 
203 185 
205 165 
206 165 
206 226 
204 180 
208 230 
200 244 
205 188 
208 197 
202 221 
205 209 
204 185 
205 181 
202 180 
207 238 
204 231 
200 208 
205 210 
204 184 
208 207 
206 187 
202 192 
204 218 
205 312 
200 211 
200 207 
209 179 
208 236 
206 225 
201 211 
203 207 
204 205 
207 184 
201 203 
201 170 
208 199 
207 171 
204 180 
208 256 
204 212 
202 195 
205 231 
205 188 
208 192 
209 221 
209 182 
202 180 
203 183 
208 223 
205 209 
207 215 
200 180 
206 289 
204 192 
209 210 
209 180 
204 174 
205 234 
203 186 
207 212 
205 194 
200 172 
206 179 
205 226 
202 188 
210 177 
206 189 
201 219 
201 216 
209 199 
209 191 
203 217 
210 234 
206 163 
203 168 
205 168 
203 224 
207 186 
201 213 
209 325 
202 179 
208 328 
205 202 
206 138 
205 178 
204 202 
208 183 
204 189 
202 200 
201 174 
205 175 
207 195 
208 221 
202 210 
208 227 
210 212 
206 213 
205 210 
204 239 
201 180 
201 188 
207 153 
206 218 
205 177 
209 196 
210 237 
206 270 
205 201 
204 205 
211 191 
204 228 
210 178 
210 178 
206 227 
205 204 
207 240 
204 205 
205 166 
204 201 
207 251 
210 224 
201 318 
207 194 
210 218 
211 205 
205 212 
208 174 
204 197 
210 243 
201 208 
204 243 
206 213 
209 187 
203 199 
205 209 
206 201 
203 185 
204 176 
203 205 
211 238 
206 193 
202 188 
210 196 
205 193 
206 188 
207 241 
208 181 
205 247 
207 198 
207 176 
202 229 
201 241 
205 209 
203 197 
201 190 
206 186 
203 189 
202 206 
202 169 
203 230 
202 223 
202 201 
209 186 
206 202 
211 252 
205 168 
206 183 
201 210 
205 191 
204 207 
211 236 
211 171 
210 188 
210 343 
204 202 
207 199 
212 212 
204 177 
203 208 
204 206 
205 186 
211 185 
206 170 
205 206 
207 232 
211 217 
209 194 
211 204 
207 179 
211 192 
204 185 
203 178 
212 197 
204 204 
205 165 
209 174 
208 254 
210 191 
210 191 
210 185 
211 333 
205 204 
206 192 
207 231 
211 269 
209 228 
207 211 
207 235 
207 214 
204 206 
209 185 
211 200 
203 331 
210 208 
204 180 
210 184 
211 189 
210 204 
211 221 
212 203 
205 217 
208 173 
212 297 
211 174 
209 194 
203 169 
207 186 
203 195 
209 222 
207 193 
205 234 
209 181 
209 175 
206 184 
202 200 
208 200 
205 208 
202 185 
208 233 
204 214 
210 191 
212 184 
205 203 
204 221 
208 192 
204 172 
202 191 
209 189 
209 175 
211 230 
205 170 
207 217 
204 222 
205 187 
202 182 
205 224 
209 188 
209 222 
207 214 
209 199 
207 176 
209 181 
211 174 
206 189 
210 182 
202 208 
208 231 
209 209 
209 183 
208 232 
212 192 
212 251 
210 210 
204 206 
204 209 
208 207 
207 223 
212 171 
210 198 
212 240 
209 206 
209 141 
211 203 
209 211 
204 192 
208 248 
204 203 
208 147 
210 161 
208 212 
211 211 
204 222 
210 160 
209 190 
204 202 
211 197 
211 203 
210 254 
208 214 
207 174 
205 196 
212 205 
211 232 
206 215 
208 184 
211 204 
211 207 
203 192 
212 198 
208 185 
211 210 
205 177 
211 168 
207 191 
212 227 
205 217 
212 189 
207 203 
208 228 
210 208 
206 207 
208 204 
212 227 
212 202 
208 174 
208 178 
206 231 
212 236 
209 207 
212 195 
204 174 
205 184 
208 179 
207 182 
212 185 
204 173 
208 215 
204 105 
208 185 
207 184 
209 171 
209 208 
212 210 
210 268 
204 190 
211 201 
207 178 
203 172 
205 179 
206 190 
205 227 
208 267 
205 183 
208 235 
211 178 
204 176 
208 210 
205 198 
213 268 
204 172 
209 191 
211 214 
204 236 
208 218 
205 248 
206 235 
210 208 
204 306 
210 177 
207 181 
207 172 
208 208 
208 173 
203 216 
204 216 
209 260 
205 204 
203 247 
204 232 
208 168 
213 204 
211 201 
212 209 
208 169 
210 214 
210 182 
206 205 
205 177 
204 192 
212 200 
209 214 
212 190 
211 185 
212 232 
211 231 
211 221 
208 184 
208 212 
207 176 
208 175 
207 218 
207 218 
212 183 
211 201 
213 208 
209 198 
208 202 
210 204 
209 175 
210 229 
205 187 
204 207 
209 190 
207 214 
204 173 
208 173 
212 182 
213 207 
213 186 
212 221 
208 233 
208 190 
210 214 
204 245 
209 219 
212 206 
211 240 
210 173 
207 195 
205 182 
207 193 
211 205 
211 176 
210 214 
209 245 
212 219 
209 237 
206 193 
205 233 
205 162 
210 215 
208 202 
206 216 
211 198 
204 185 
206 223 
209 179 
212 211 
213 212 
205 187 
208 192 
209 182 
206 202 
210 216 
208 184 
207 264 
212 183 
207 212 
213 211 
211 182 
211 201 
204 178 
206 219 
207 195 
210 236 
206 205 
210 205 
205 190 
209 211 
204 200 
212 185 
211 212 
208 206 
210 190 
213 179 
213 195 
212 202 
209 196 
206 171 
208 189 
207 172 
204 191 
211 184 
210 99 
209 230 
204 227 
208 217 
206 198 
210 198 
209 163 
207 180 
212 187 
209 205 
206 168 
208 211 
210 202 
209 225 
213 190 
205 206 
204 190 
208 200 
213 272 
208 213 
209 190 
208 155 
209 208 
209 189 
207 140 
206 191 
207 178 
214 238 
211 212 
213 209 
207 194 
211 203 
207 190 
211 234 
205 183 
204 210 
211 172 
204 214 
213 203 
206 230 
213 219 
209 201 
206 226 
208 230 
214 206 
211 202 
212 198 
210 253 
210 199 
207 166 
211 190 
211 210 
205 222 
214 189 
204 204 
213 176 
207 215 
207 207 
209 203 
205 188 
210 203 
209 180 
210 203 
211 264 
206 247 
205 213 
211 205 
214 218 
208 185 
204 221 
212 211 
206 230 
207 184 
213 236 
204 217 
213 194 
210 231 
213 179 
208 206 
212 231 
207 209 
209 197 
212 173 
204 208 
213 263 
213 207 
212 182 
210 204 
212 205 
207 216 
206 202 
208 227 
215 186 
207 242 
210 229 
209 224 
213 186 
211 188 
209 179 
213 220 
209 234 
205 209 
212 198 
214 209 
209 165 
209 216 
206 145 
209 224 
215 192 
207 213 
211 184 
212 229 
209 198 
210 206 
208 238 
213 250 
207 170 
213 189 
207 183 
208 237 
213 185 
209 224 
209 185 
214 167 
208 203 
208 161 
211 196 
214 210 
213 182 
206 236 
212 171 
209 228 
209 183 
211 206 
205 191 
211 235 
207 233 
206 236 
208 204 
209 206 
207 224 
211 214 
207 191 
206 148 
210 208 
210 171 
206 202 
210 203 
210 219 
209 232 
207 204 
207 230 
211 269 
212 189 
205 226 
214 195 
209 168 
214 194 
211 196 
208 189 
213 192 
214 207 
209 200 
212 149 
211 193 
215 204 
213 226 
206 232 
209 197 
214 251 
212 186 
209 208 
208 209 
210 200 
206 209 
214 184 
210 177 
215 174 
212 220 
212 235 
209 206 
206 188 
212 210 
208 187 
214 228 
214 210 
209 233 
207 208 
209 228 
215 211 
214 201 
209 268 
214 185 
215 222 
212 159 
212 182 
213 211 
210 211 
208 228 
211 239 
206 165 
213 234 
209 174 
211 242 
211 210 
205 232 
212 216 
212 206 
212 241 
206 209 
215 210 
211 237 
207 208 
205 172 
212 215 
205 212 
211 200 
207 210 
214 235 
213 204 
208 231 
208 225 
207 260 
212 209 
207 204 
213 206 
210 226 
213 215 
208 188 
207 186 
205 203 
208 188 
211 202 
212 181 
215 210 
215 232 
215 208 
206 187 
210 211 
215 237 
207 182 
211 194 
210 198 
216 187 
211 186 
210 191 
213 201 
213 221 
214 186 
213 176 
212 261 
211 220 
208 194 
212 201 
216 228 
209 217 
216 240 
210 194 
210 203 
215 212 
209 203 
211 199 
209 201 
207 233 
214 217 
207 243 
211 229 
209 229 
206 275 
208 197 
209 177 
215 121 
212 232 
209 183 
207 224 
206 241 
213 202 
211 201 
209 212 
207 247 
207 248 
210 214 
211 213 
211 214 
206 245 
209 195 
215 187 
207 158 
206 213 
207 199 
213 203 
211 205 
207 200 
209 225 
210 216 
209 206 
214 191 
212 217 
211 210 
209 231 
207 218 
209 212 
214 208 
207 198 
215 197 
214 207 
215 232 
209 225 
211 230 
207 180 
207 194 
208 171 
215 216 
208 185 
215 187 
208 177 
210 224 
210 200 
210 216 
210 208 
208 205 
214 200 
209 208 
208 242 
209 201 
216 253 
211 197 
210 245 
212 254 
210 179 
213 235 
215 168 
209 228 
208 184 
209 191 
216 211 
209 186 
213 170 
209 249 
215 174 
214 235 
213 195 
213 232 
211 199 
212 187 
214 249 
213 209 
210 214 
213 216 
216 234 
210 257 
209 236 
208 231 
212 188 
212 188 
208 232 
207 229 
212 203 
214 244 
208 251 
215 211 
210 206 
213 213 
213 222 
208 210 
207 229 
213 223 
215 241 
209 206 
215 203 
208 232 
210 224 
213 215 
214 179 
211 203 
214 247 
209 252 
214 181 
214 210 
214 190 
214 189 
210 151 
211 230 
210 164 
210 163 
211 265 
212 184 
215 186 
213 219 
211 227 
214 217 
207 233 
212 229 
215 199 
210 179 
209 225 
212 232 
213 236 
215 220 
210 200 
212 203 
210 224 
216 202 
208 197 
212 226 
211 186 
214 247 
209 227 
212 243 
216 219 
212 205 
214 211 
212 216 
217 193 
212 223 
209 206 
207 161 
214 219 
210 218 
208 213 
215 223 
211 210 
209 226 
210 183 
213 183 
211 231 
209 216 
216 227 
214 210 
217 246 
211 194 
211 220 
217 226 
216 258 
212 237 
216 231 
207 203 
214 222 
211 195 
215 244 
213 173 
216 154 
210 204 
211 211 
208 211 
216 219 
213 234 
215 208 
209 205 
215 193 
212 229 
210 195 
208 211 
216 235 
209 185 
212 174 
208 184 
209 196 
212 217 
207 231 
211 197 
208 226 
212 211 
208 212 
214 235 
210 249 
208 187 
208 162 
217 206 
207 227 
210 202 
217 190 
216 197 
209 210 
215 227 
216 243 
217 222 
208 233 
214 219 
215 215 
211 191 
210 276 
210 223 
216 178 
212 182 
211 207 
215 198 
217 225 
208 210 
208 224 
214 204 
214 223 
212 205 
217 235 
211 237 
212 230 
213 210 
210 174 
211 230 
215 202 
213 263 
207 208 
215 269 
207 207 
209 187 
213 216 
213 243 
207 234 
214 236 
211 223 
215 245 
210 234 
209 228 
209 219 
209 229 
214 204 
209 204 
207 182 
207 234 
216 235 
214 240 
207 215 
216 299 
209 300 
216 226 
213 206 
213 198 
212 237 
211 203 
207 175 
214 201 
212 239 
216 231 
215 230 
211 252 
215 206 
211 223 
211 228 
208 182 
212 210 
212 82 
207 240 
214 209 
211 181 
216 214 
216 211 
207 231 
213 235 
215 148 
210 213 
211 151 
216 215 
209 243 
213 240 
213 232 
215 220 
213 249 
211 205 
210 248 
211 219 
212 234 
212 234 
213 176 
209 211 
213 196 
214 313 
209 217 
210 267 
214 214 
209 143 
211 229 
215 231 
213 243 
215 236 
217 201 
213 200 
212 255 
217 245 
218 196 
209 248 
213 214 
218 238 
218 213 
211 256 
210 286 
211 226 
215 175 
215 225 
217 232 
217 188 
215 232 
209 215 
216 221 
217 212 
210 191 
216 220 
211 217 
210 199 
211 205 
209 214 
215 149 
212 194 
216 227 
210 231 
209 208 
214 209 
216 173 
208 216 
217 232 
212 236 
211 243 
215 242 
217 220 
216 255 
215 234 
214 224 
214 198 
209 247 
210 233 
218 217 
213 228 
214 177 
216 222 
210 197 
209 181 
213 166 
210 240 
212 233 
214 193 
212 236 
216 221 
211 213 
215 252 
209 192 
215 208 
211 185 
217 179 
217 220 
216 230 
209 233 
215 233 
215 157 
212 193 
212 205 
208 239 
210 230 
213 204 
216 243 
213 228 
213 206 
210 231 
209 225 
216 267 
218 238 
212 249 
213 199 
216 222 
218 219 
217 227 
215 167 
214 246 
214 225 
218 199 
210 256 
217 180 
210 221 
216 234 
209 207 
211 158 
215 194 
217 208 
217 230 
208 179 
216 203 
215 238 
209 265 
214 230 
208 227 
212 209 
209 235 
213 184 
211 197 
211 246 
209 235 
214 217 
216 215 
214 231 
217 219 
217 205 
218 173 
214 212 
216 175 
211 243 
218 238 
217 189 
216 216 
210 255 
217 229 
216 158 
218 241 
214 215 
216 235 
218 227 
212 180 
218 235 
209 173 
218 238 
213 255 
214 223 
212 167 
212 175 
211 197 
219 226 
209 232 
217 229 
212 224 
218 225 
216 232 
211 205 
215 219 
215 236 
219 177 
211 203 
210 239 
211 188 
211 162 
217 232 
209 231 
219 237 
212 169 
210 206 
217 226 
215 230 
210 168 
212 185 
209 240 
211 189 
218 166 
213 225 
212 228 
219 158 
212 179 
213 214 
209 251 
216 255 
210 244 
210 224 
210 225 
209 206 
218 218 
212 220 
211 236 
212 234 
217 228 
211 217 
209 251 
215 214 
212 223 
215 257 
214 219 
211 173 
217 190 
216 166 
210 224 
218 255 
209 218 
213 208 
215 165 
215 156 
216 237 
215 242 
209 170 
215 172 
219 176 
209 158 
213 201 
210 229 
212 222 
211 49 
214 204 
218 208 
213 141 
213 194 
212 227 
220 198 
213 226 
213 234 
218 237 
211 232 
211 232 
216 231 
217 191 
218 224 
214 233 
211 224 
215 216 
212 172 
214 190 
212 259 
216 221 
216 226 
219 235 
214 219 
215 207 
217 252 
217 236 
213 229 
212 190 
220 232 
214 191 
214 199 
212 299 
212 203 
211 231 
214 239 
214 209 
218 214 
211 203 
220 210 
219 213 
217 244 
216 249 
220 157 
213 228 
212 211 
212 269 
212 236 
217 266 
217 219 
219 222 
214 216 
218 230 
215 231 
217 220 
216 176 
217 225 
211 183 
211 257 
218 217 
219 235 
220 235 
219 259 
212 255 
213 235 
210 155 
217 208 
216 237 
210 242 
218 225 
215 205 
214 240 
217 193 
219 224 
214 216 
212 197 
212 231 
214 230 
220 229 
213 319 
211 220 
218 247 
211 247 
217 140 
216 181 
218 206 
214 220 
219 202 
216 213 
214 208 
216 229 
213 228 
212 222 
211 229 
212 233 
211 220 
215 222 
213 246 
216 204 
221 214 
219 213 
215 245 
219 204 
216 232 
221 227 
216 198 
213 262 
212 217 
216 246 
217 260 
219 230 
221 238 
216 203 
213 207 
211 215 
213 241 
220 229 
217 221 
220 209 
214 237 
213 186 
219 228 
219 225 
218 212 
216 225 
216 217 
216 233 
215 221 
212 228 
213 227 
213 178 
217 247 
221 225 
212 193 
220 231 
216 230 
217 232 
221 222 
219 247 
218 230 
220 235 
217 193 
216 226 
221 219 
214 224 
218 243 
216 215 
216 224 
216 205 
218 221 
215 217 
220 212 
213 220 
212 230 
213 238 
215 206 
216 230 
216 178 
212 231 
217 239 
216 212 
222 285 
218 189 
220 187 
214 224 
220 207 
216 237 
222 225 
215 220 
222 178 
217 226 
222 229 
218 228 
219 226 
217 191 
217 237 
220 240 
213 224 
214 170 
221 93 
214 225 
222 226 
215 226 
220 219 
219 220 
217 227 
221 230 
215 223 
218 184 
219 232 
214 222 
215 219 
216 263 
216 261 
221 212 
220 191 
214 194 
216 242 
217 191 
216 219 
218 226 
215 180 
213 229 
224 251 
215 218 
216 249 
216 192 
217 198 
219 159 
223 231 
222 218 
214 221 
219 282 
216 205 
222 248 
221 226 
221 240 
220 240 
218 128 
218 222 
222 206 
222 222 
214 239 
220 233 
222 219 
215 233 
223 235 
224 227 
223 230 
222 185 
215 172 
215 185 
224 221 
224 172 
223 238 
223 122 
216 188 
218 247 
223 225 
224 217 
218 184 
214 215 
216 208 
217 195 
223 125 
219 188 
220 228 
220 233 
219 238 
218 232 
215 206 
215 175 
219 222 
218 205 
219 225 
223 107 
219 247 
225 225 
225 234 
221 235 
219 213 
225 244 
225 140 
217 245 
218 212 
224 197 
219 239 
222 226 
222 229 
221 251 
215 224 
221 232 
215 112 
222 241 
223 222 
218 240 
218 183 
218 246 
225 207 
223 190 
222 221 
225 222 
223 254 
216 217 
219 177 
220 205 
219 185 
223 219 
225 262 
222 219 
217 229 
223 246 
226 173 
218 217 
218 243 
224 184 
219 173 
218 215 
224 349 
227 235 
227 246 
222 225 
227 292 
226 229 
221 231 
219 256 
217 244 
224 221 
226 206 
225 212 
226 229 
221 188 
227 210 
227 223 
226 224 
223 233 
222 204 
219 204 
223 183 
223 227 
221 225 
223 225 
222 212 
227 232 
227 228 
220 235 
219 212 
222 221 
221 184 
226 216 
222 186 
224 172 
222 203 
224 211 
218 183 
225 185 
223 213 
223 323 
224 124 
221 223 
225 195 
228 230 
220 193 
219 265 
225 221 
225 255 
223 241 
220 184 
224 205 
223 225 
229 170 
228 180 
219 211 
219 172 
228 212 
223 183 
220 211 
227 208 
221 285 
221 208 
227 232 
227 236 
228 216 
221 236 
221 239 
228 225 
227 149 
223 214 
228 272 
227 224 
228 219 
226 221 
227 257 
226 233 
224 216 
221 234 
225 226 
226 209 
224 219 
222 161 
222 185 
227 196 
231 194 
226 173 
228 234 
230 163 
222 242 
223 175 
229 235 
222 179 
230 218 
227 225 
226 227 
227 189 
226 202 
230 200 
224 211 
225 214 
228 226 
230 184 
227 220 
227 134 
231 284 
226 226 
226 226 
227 174 
225 192 
227 233 
223 216 
232 219 
224 217 
229 210 
227 223 
225 194 
227 229 
228 182 
227 235 
227 184 
230 181 
232 194 
231 230 
228 204 
231 224 
230 177 
230 227 
232 223 
232 241 
233 178 
230 221 
227 221 
227 177 
226 230 
229 223 
231 228 
229 223 
224 207 
231 178 
225 206 
232 208 
226 189 
232 227 
225 206 
232 206 
226 204 
227 224 
231 216 
229 221 
230 256 
234 193 
228 233 
233 190 
225 184 
233 176 
227 230 
230 225 
225 92 
226 217 
231 219 
225 179 
228 227 
228 226 
233 198 
227 201 
225 212 
234 240 
226 195 
225 210 
228 234 
226 212 
226 215 
229 227 
227 208 
231 207 
227 223 
228 222 
231 234 
233 280 
225 234 
225 219 
235 179 
231 182 
228 199 
227 229 
234 209 
228 228 
229 220 
230 211 
233 174 
233 224 
228 234 
226 202 
233 227 
229 208 
230 197 
233 192 
227 170 
226 221 
231 180 
227 217 
234 210 
235 221 
229 209 
229 214 
229 231 
234 226 
231 192 
230 199 
233 223 
233 224 
230 205 
228 210 
229 202 
233 347 
231 236 
230 223 
236 203 
228 244 
227 222 
227 219 
229 223 
234 221 
231 218 
236 223 
233 185 
232 220 
228 209 
231 208 
228 255 
236 239 
232 198 
230 201 
235 202 
235 248 
229 184 
234 215 
235 218 
236 203 
236 237 
236 223 
234 206 
235 201 
233 313 
228 177 
230 226 
228 212 
230 210 
234 216 
231 206 
235 216 
232 230 
228 210 
235 206 
228 206 
231 216 
231 226 
235 193 
229 246 
232 222 
237 181 
235 210 
234 226 
229 184 
230 202 
228 216 
235 207 
235 63 
235 229 
229 206 
231 209 
238 174 
237 227 
235 192 
229 253 
230 260 
231 218 
236 215 
229 271 
234 226 
234 193 
230 206 
235 215 
234 293 
238 192 
231 218 
237 233 
238 205 
230 198 
234 195 
229 182 
235 205 
238 224 
238 207 
230 215 
233 247 
235 214 
233 216 
239 228 
229 222 
238 173 
235 217 
229 341 
231 197 
231 228 
239 185 
233 218 
234 232 
237 192 
230 224 
229 203 
238 215 
236 208 
239 212 
235 218 
233 267 
233 222 
236 191 
233 231 
238 170 
237 235 
240 221 
236 206 
230 250 
230 140 
238 221 
239 231 
233 207 
237 240 
235 217 
238 207 
231 209 
237 208 
236 219 
238 211 
232 183 
235 219 
237 201 
240 222 
240 212 
238 217 
238 221 
238 210 
231 221 
233 178 
240 202 
233 200 
232 205 
240 225 
238 216 
239 173 
236 223 
239 173 
235 212 
235 213 
232 208 
239 227 
238 224 
241 220 
236 193 
233 251 
236 215 
234 244 
236 213 
238 196 
236 213 
232 225 
237 211 
239 204 
233 222 
234 180 
235 210 
232 255 
240 204 
237 183 
240 205 
239 212 
241 203 
242 184 
242 218 
236 178 
234 221 
233 174 
239 225 
235 228 
241 190 
240 257 
238 205 
233 203 
240 224 
233 231 
236 143 
242 165 
236 219 
240 184 
232 220 
242 213 
234 216 
240 221 
240 230 
241 184 
239 205 
242 328 
236 213 
242 260 
241 211 
233 228 
240 233 
237 241 
241 229 
240 264 
234 178 
242 194 
237 198 
242 206 
239 214 
242 170 
242 237 
236 203 
235 222 
241 203 
239 206 
234 200 
236 210 
237 207 
240 204 
233 219 
242 206 
240 172 
239 206 
236 225 
238 216 
242 181 
242 222 
242 189 
237 193 
238 222 
241 222 
238 186 
243 225 
241 222 
234 214 
241 215 
242 199 
235 173 
237 223 
240 183 
236 327 
242 179 
236 200 
244 233 
234 220 
243 172 
241 205 
237 211 
239 197 
236 171 
235 215 
241 211 
237 190 
238 189 
242 274 
237 219 
238 213 
240 226 
237 214 
244 203 
236 219 
235 199 
241 214 
238 251 
240 195 
239 192 
244 208 
239 179 
244 219 
238 247 
241 218 
238 307 
238 223 
243 203 
239 198 
240 213 
237 202 
239 230 
244 232 
237 178 
237 237 
237 202 
242 233 
236 201 
237 158 
237 220 
244 205 
239 243 
238 214 
243 218 
238 209 
235 228 
237 183 
244 189 
239 234 
242 219 
243 221 
241 219 
239 171 
244 202 
242 198 
238 226 
243 219 
236 189 
245 195 
236 206 
237 257 
241 205 
243 210 
238 157 
243 188 
239 205 
243 233 
238 211 
237 208 
243 227 
240 233 
239 208 
239 229 
242 237 
240 207 
242 244 
242 332 
242 221 
239 194 
241 204 
240 224 
242 212 
241 215 
246 221 
242 209 
238 200 
242 202 
245 199 
242 199 
243 209 
240 233 
241 221 
242 227 
242 215 
242 222 
238 231 
237 207 
242 204 
241 227 
241 199 
238 200 
246 204 
238 220 
237 214 
247 216 
242 220 
240 205 
238 216 
239 213 
240 176 
242 211 
238 210 
244 212 
244 212 
245 203 
241 209 
242 204 
241 208 
245 215 
244 210 
247 234 
241 208 
237 200 
240 193 
242 251 
247 195 
241 211 
240 216 
246 291 
248 215 
238 209 
247 212 
242 216 
247 205 
243 218 
244 194 
241 212 
245 199 
247 209 
239 155 
244 163 
248 227 
244 211 
246 203 
238 193 
238 160 
244 225 
240 214 
241 204 
246 199 
243 211 
240 204 
242 219 
240 171 
241 195 
239 216 
244 198 
245 206 
245 210 
249 231 
240 166 
247 173 
241 199 
242 196 
246 206 
246 211 
247 199 
241 220 
246 248 
248 201 
241 193 
240 164 
239 214 
241 214 
240 193 
247 200 
245 169 
248 201 
241 194 
248 216 
241 222 
245 192 
248 234 
246 221 
245 207 
240 237 
247 204 
248 196 
241 203 
244 223 
242 244 
244 190 
246 206 
241 227 
240 177 
245 210 
241 206 
245 201 
241 208 
246 196 
245 210 
243 179 
244 210 
246 215 
241 202 
243 209 
247 220 
242 201 
247 277 
241 170 
245 199 
240 212 
249 219 
241 221 
242 196 
241 181 
251 204 
245 298 
246 237 
241 205 
245 190 
242 192 
245 212 
251 205 
245 210 
245 242 
251 219 
247 228 
248 214 
244 207 
243 204 
247 220 
242 183 
242 190 
249 232 
248 232 
248 217 
243 209 
244 215 
244 219 
251 182 
242 192 
251 126 
244 201 
251 201 
245 228 
243 233 
247 206 
244 201 
245 224 
243 212 
244 205 
249 174 
246 206 
243 203 
245 209 
247 183 
244 191 
247 204 
248 208 
251 207 
251 207 
244 243 
246 230 
251 191 
246 207 
245 203 
250 193 
247 190 
251 203 
250 212 
244 235 
250 219 
245 203 
246 210 
248 224 
245 212 
247 251 
250 213 
247 210 
247 203 
251 218 
245 214 
251 200 
253 205 
253 213 
253 256 
251 205 
245 213 
246 228 
248 245 
250 226 
246 170 
253 204 
252 228 
247 198 
253 225 
250 229 
249 210 
254 199 
244 206 
247 211 
246 222 
249 196 
249 219 
248 214 
248 185 
247 218 
253 158 
253 188 
249 206 
246 200 
249 204 
247 228 
249 210 
251 217 
248 174 
250 203 
251 208 
249 207 
253 202 
249 245 
250 213 
246 216 
251 216 
253 226 
248 221 
248 205 
248 227 
252 226 
247 232 
246 206 
254 212 
250 240 
254 221 
255 225 
248 223 
253 248 
254 123 
254 193 
249 211 
249 225 
248 265 
253 216 
254 206 
256 223 
247 205 
249 204 
250 215 
247 255 
251 196 
248 257 
253 221 
249 233 
257 197 
250 229 
252 208 
249 224 
249 230 
253 234 
251 204 
253 216 
257 174 
250 229 
249 244 
252 221 
249 207 
258 204 
257 220 
253 216 
249 204 
248 231 
257 228 
250 218 
253 164 
253 254 
252 244 
256 223 
256 194 
248 236 
251 243 
252 206 
250 196 
256 240 
258 194 
255 153 
251 165 
259 196 
250 151 
257 111 
253 229 
254 235 
254 154 
256 181 
258 149 
259 281 
258 155 
258 193 
261 152 
262 216 
259 96 
266 126 
263 77 
261 149 
263 195 
262 127 
265 116 
274 88 
279 71 
280 237 
287 81 
287 51 
287 50 
384 99 
404 142 
398 268 
409 196 
407 200 
407 193 
400 227 
404 180 
403 300 
409 193 
400 181 
402 187 
402 188 
402 220 
409 201 
402 284 
402 185 
402 173 
408 183 
406 218 
408 196 
403 187 
407 201 
410 195 
408 198 
405 231 
408 190 
403 199 
404 193 
405 190 
406 200 
409 170 
405 177 
412 192 
403 191 
412 178 
412 187 
408 208 
410 200 
405 187 
412 186 
404 201 
404 186 
409 182 
407 187 
409 197 
406 183 
413 186 
413 200 
408 195 
406 193 
412 176 
414 244 
414 190 
413 188 
411 207 
412 195 
410 234 
410 199 
409 189 
411 191 
412 196 
408 255 
415 222 
414 203 
411 188 
406 215 
410 189 
413 209 
411 182 
407 196 
410 184 
409 163 
414 180 
414 179 
415 178 
410 190 
409 217 
410 190 
411 236 
413 202 
411 187 
410 222 
410 210 
415 191 
415 204 
410 183 
415 211 
414 193 
415 191 
411 207 
417 205 
417 194 
411 198 
416 200 
411 198 
416 201 
415 209 
411 191 
408 195 
409 208 
408 197 
412 188 
414 189 
410 181 
417 186 
410 189 
409 177 
410 196 
411 204 
412 192 
416 208 
413 182 
417 64 
410 188 
412 198 
416 180 
412 278 
417 196 
413 123 
417 217 
419 192 
418 239 
418 120 
411 178 
420 172 
411 194 
418 198 
417 236 
415 180 
415 195 
418 197 
416 174 
411 193 
413 134 
412 191 
419 176 
412 191 
415 204 
411 198 
420 210 
415 242 
421 182 
416 187 
413 196 
420 206 
418 193 
415 192 
418 206 
415 188 
419 189 
421 191 
413 198 
418 227 
413 204 
414 186 
421 204 
417 166 
418 182 
414 184 
415 193 
422 190 
419 195 
415 182 
415 188 
416 210 
415 204 
417 169 
417 199 
417 202 
417 197 
417 194 
420 197 
419 205 
416 190 
416 193 
419 209 
423 184 
422 212 
423 187 
424 194 
419 308 
415 188 
418 186 
416 187 
425 188 
418 214 
417 192 
422 215 
423 205 
420 199 
417 190 
422 192 
418 199 
424 195 
423 347 
425 194 
423 178 
422 208 
426 185 
416 85 
422 202 
420 200 
422 224 
420 189 
424 240 
419 230 
420 225 
427 199 
422 202 
426 213 
420 198 
427 206 
423 215 
427 184 
428 199 
423 224 
425 188 
428 190 
425 282 
427 189 
426 196 
427 203 
419 223 
427 197 
420 197 
428 186 
426 188 
430 261 
429 183 
426 188 
425 183 
424 190 
423 190 
424 171 
430 183 
426 191 
422 192 
432 235 
432 263 
428 181 
432 180 
426 190 
428 184 
428 214 
429 169 
423 197 
426 191 
432 185 
423 182 
429 178 
426 163 
426 268 
432 183 
426 95 
428 188 
426 213 
428 190 
430 187 
427 182 
433 284 
434 205 
426 184 
435 178 
436 182 
436 182 
436 212 
433 208 
435 185 
436 191 
430 194 
438 187 
433 94 
433 200 
435 181 
437 183 
435 204 
438 176 
436 212 
435 222 
433 208 
431 218 
431 203 
433 184 
434 195 
437 182 
438 167 
432 191 
433 189 
434 225 
435 201 
434 174 
441 184 
434 256 
441 181 
441 176 
436 183 
439 251 
436 193 
432 190 
436 175 
439 186 
436 199 
439 196 
436 187 
440 293 
439 194 
440 184 
440 191 
433 180 
434 196 
438 196 
438 182 
434 192 
439 185 
440 179 
434 197 
435 187 
436 182 
434 195 
437 192 
443 240 
438 185 
442 185 
435 206 
437 216 
441 203 
438 181 
439 196 
440 184 
439 233 
436 204 
438 204 
441 269 
438 203 
436 204 
436 190 
438 180 
441 190 
442 192 
444 193 
440 174 
441 180 
441 184 
441 233 
443 196 
439 183 
436 209 
438 198 
442 185 
444 200 
443 171 
441 168 
441 175 
444 185 
438 181 
439 190 
445 205 
442 186 
442 186 
443 129 
446 208 
441 188 
443 181 
444 209 
443 206 
440 195 
438 181 
444 230 
440 194 
444 183 
438 188 
441 187 
437 207 
438 193 
442 189 
443 183 
440 228 
444 249 
447 251 
437 187 
441 121 
445 188 
444 202 
439 194 
443 181 
438 209 
445 201 
447 188 
446 193 
444 177 
447 197 
440 194 
439 179 
447 209 
439 234 
441 190 
438 189 
447 196 
443 181 
438 213 
439 187 
444 185 
446 223 
448 232 
438 184 
442 163 
446 190 
444 198 
446 188 
441 191 
441 150 
442 191 
442 194 
445 212 
439 184 
440 189 
440 180 
439 180 
441 193 
439 215 
443 180 
440 248 
440 181 
446 289 
445 185 
439 285 
446 190 
447 174 
441 188 
441 185 
443 187 
445 192 
447 189 
447 211 
444 213 
443 200 
446 189 
442 192 
448 202 
442 188 
446 185 
444 215 
446 182 
441 189 
442 182 
441 187 
445 300 
442 183 
440 170 
448 201 
441 193 
447 164 
442 199 
445 189 
447 227 
446 212 
446 230 
446 210 
445 227 
446 185 
447 198 
443 196 
444 203 
444 175 
443 202 
448 165 
442 278 
442 303 
447 184 
449 189 
442 191 
447 224 
448 196 
446 184 
443 235 
450 117 
446 204 
447 238 
446 183 
441 209 
448 190 
441 193 
441 200 
449 185 
447 205 
440 210 
448 185 
440 183 
446 194 
442 195 
441 233 
443 182 
440 179 
443 207 
444 185 
444 177 
442 123 
441 199 
449 218 
449 191 
448 225 
445 192 
444 199 
446 180 
447 176 
446 200 
449 191 
441 188 
442 188 
443 153 
449 204 
446 210 
443 185 
445 214 
447 187 
442 184 
447 202 
444 187 
446 241 
449 196 
444 202 
448 187 
445 176 
448 183 
451 209 
447 231 
445 203 
441 208 
447 188 
443 210 
441 217 
442 185 
450 192 
450 221 
449 186 
444 194 
452 197 
444 192 
445 199 
446 188 
443 191 
449 187 
449 198 
445 186 
448 191 
444 203 
445 226 
451 219 
443 180 
444 214 
443 199 
446 217 
451 103 
450 202 
446 188 
447 237 
450 239 
447 182 
450 192 
442 184 
449 195 
443 189 
447 189 
448 204 
448 113 
446 185 
449 180 
447 220 
452 230 
448 180 
444 267 
444 194 
448 198 
442 202 
445 192 
449 246 
446 223 
452 194 
444 249 
452 194 
447 182 
452 186 
451 181 
452 195 
444 191 
445 187 
447 224 
453 238 
444 149 
452 211 
447 189 
447 186 
445 272 
444 197 
444 192 
450 192 
449 217 
448 193 
447 215 
450 202 
451 185 
447 198 
445 191 
451 193 
446 248 
447 182 
445 191 
445 200 
451 194 
446 169 
445 190 
452 181 
443 170 
448 195 
452 140 
445 298 
445 302 
448 184 
443 200 
449 185 
445 189 
445 201 
444 207 
445 194 
450 183 
452 175 
445 185 
453 204 
445 207 
448 181 
451 182 
453 222 
453 219 
446 173 
453 320 
446 189 
447 189 
444 211 
445 199 
445 195 
447 199 
451 195 
451 183 
452 239 
448 294 
445 192 
447 162 
453 295 
445 190 
445 189 
454 184 
455 284 
449 189 
454 206 
447 182 
447 187 
448 185 
453 213 
449 177 
454 313 
452 182 
451 185 
453 178 
452 230 
446 243 
450 191 
450 202 
446 188 
447 181 
447 185 
450 197 
445 193 
454 284 
450 186 
453 162 
450 191 
455 190 
453 305 
448 200 
453 231 
452 186 
454 136 
453 179 
455 206 
454 187 
454 192 
456 200 
454 189 
446 185 
453 190 
449 188 
451 250 
455 203 
454 292 
452 192 
446 338 
446 188 
447 196 
450 155 
446 117 
451 190 
453 204 
451 180 
450 280 
457 308 
457 183 
453 325 
452 230 
456 198 
448 193 
450 216 
456 193 
448 282 
451 180 
456 189 
450 186 
449 190 
449 284 
457 226 
455 182 
457 219 
451 189 
452 243 
455 299 
456 305 
456 190 
450 206 
455 204 
457 185 
451 305 
450 193 
457 174 
452 317 
458 374 
457 260 
450 201 
453 181 
452 187 
459 180 
457 184 
453 280 
454 180 
454 190 
462 189 
456 222 
462 198 
460 308 
456 192 
457 191 
455 182 
462 189 
462 178 
464 180 
461 286 
457 319 
461 321 
455 179 
461 240 
460 360 
459 182 
460 289 
458 181 
463 310 
465 355 
459 298 
462 192 
462 233 
462 194 
466 211 
468 148 
463 216 
467 181 
468 199 
470 211 
464 209 
462 195 
465 167 
471 277 
467 197 
471 197 
465 193 
472 239 
471 190 
465 193 
472 199 
465 242 
467 211 
474 213 
466 184 
472 223 
474 154 
468 183 
475 228 
475 205 
468 246 
474 198 
470 197 
474 237 
468 242 
476 212 
476 208 
472 207 
476 194 
472 231 
477 372 
469 221 
476 196 
473 209 
476 236 
478 206 
477 298 
471 188 
470 189 
472 243 
474 199 
472 188 
481 208 
481 187 
476 242 
480 212 
475 203 
478 211 
475 195 
481 196 
478 176 
478 320 
479 208 
476 222 
474 199 
479 194 
476 200 
483 210 
475 205 
478 178 
477 184 
482 204 
481 205 
480 249 
475 210 
477 220 
479 216 
475 190 
484 203 
477 196 
478 206 
479 251 
485 177 
485 195 
481 222 
477 234 
478 202 
485 217 
484 171 
481 225 
478 204 
487 198 
483 197 
478 213 
487 231 
485 193 
480 212 
486 224 
478 215 
484 180 
484 211 
480 194 
481 225 
482 215 
484 202 
483 196 
479 243 
487 224 
487 208 
485 187 
479 206 
487 222 
486 210 
488 205 
488 219 
484 187 
489 184 
482 190 
484 218 
482 181 
483 223 
486 202 
488 194 
483 190 
486 186 
491 185 
491 201 
491 216 
484 205 
484 208 
492 226 
486 201 
489 297 
486 214 
487 197 
490 190 
483 188 
485 188 
491 187 
486 190 
491 168 
494 196 
491 190 
494 183 
491 201 
489 226 
487 214 
492 211 
488 193 
493 202 
491 271 
494 204 
493 196 
492 208 
488 193 
491 192 
498 190 
496 191 
491 155 
522 289
522 192
526 269
521 196
524 178
520 208
530 211
528 208
522 215
529 191
528 191
529 196
524 197
521 195
530 271
527 197
532 197
523 189
522 201
525 194
525 201
530 214
528 201
529 200
525 187
531 178
528 212
531 211
529 252
525 181
528 189
529 210
532 192
534 238
534 179
525 189
527 189
532 193
533 250
528 208
527 241
526 220
529 236
535 184
527 231
534 200
535 209
531 190
533 216
529 211
530 212
536 234
529 243
533 208
534 182
534 182
536 266
530 145
533 216
537 202
535 201
530 215
535 189
536 213
530 175
533 199
536 226
532 245
536 195
532 215
536 189
537 193
533 229
532 263
536 218
537 193
539 244
541 222
532 226
536 199
535 254
541 196
541 243
538 241
542 206
538 224
542 191
535 242
534 196
542 203
535 209
542 171
533 212
538 217
539 208
543 201
540 193
538 194
539 195
535 195
538 187
540 192
536 205
537 189
538 209
538 221
537 197
543 229
539 199
542 207
545 216
542 209
545 185
541 197
536 189
538 213
539 215
547 203
546 201
547 199
545 222
544 203
541 186
539 200
542 180
546 207
540 197
543 149
541 197
547 191
541 172
551 190
551 189
547 227
550 190
544 208
547 195
548 186
545 193
544 311
544 201
544 186
546 223
548 197
546 200
549 149
549 214
550 311
555 188
555 196
554 189
549 191
552 141
553 188
552 213
555 196
558 200
551 201
553 247
557 197
553 193
553 192
553 196
554 183
557 226
553 199
551 194
556 199
550 175
560 183
560 193
556 184
553 186
560 168
562 190
560 329
557 177
553 210
558 366
562 194
560 211
559 116
564 308
562 179
555 209
560 186
562 195
560 182
564 189
558 182
562 132
565 185
558 322
566 336
565 212
559 220
565 196
558 183
565 320
567 184
560 180
560 187
559 170
563 277
565 184
564 314
561 220
566 191
567 196
562 193
560 212
566 185
568 187
563 214
569 181
566 188
562 297
561 295
566 199
565 185
561 198
568 295
563 191
569 192
563 189
565 198
569 190
560 156
562 108
563 186
562 194
569 301
565 292
567 194
562 184
561 301
563 301
570 183
564 197
562 181
566 189
566 271
563 180
566 178
561 208
570 187
561 198
565 273
569 194
566 210
570 216
566 193
568 194
563 195
567 205
569 168
563 210
569 187
571 201
567 184
568 207
566 188
568 204
569 180
562 161
565 211
567 205
569 283
571 184
566 220
563 194
562 234
571 184
565 197
566 190
563 196
565 299
571 190
572 224
570 195
569 205
564 188
564 311
562 222
563 209
568 173
568 195
568 173
568 198
566 192
569 178
570 194
568 283
571 210
565 190
569 210
569 182
568 191
566 183
571 183
569 210
570 187
567 177
572 179
569 205
572 198
572 185
563 183
572 188
570 277
570 191
564 187
573 205
569 197
563 160
567 221
565 199
569 200
570 223
568 278
568 223
570 192
567 213
564 209
568 182
574 184
574 186
573 209
572 189
568 185
566 209
573 196
572 185
571 197
567 189
574 182
564 194
565 149
571 185
568 182
570 192
571 195
571 179
571 229
568 252
566 204
573 282
568 190
571 186
573 174
566 257
565 211
566 166
571 185
572 184
566 194
571 200
570 201
570 212
568 287
565 229
567 294
567 180
572 198
574 208
568 207
574 205
571 194
575 196
566 187
571 178
572 201
568 174
574 203
574 182
570 184
572 201
569 187
565 187
566 283
574 186
571 191
566 191
573 196
574 205
566 203
574 224
566 190
572 193
567 226
565 201
566 179
574 190
572 221
575 185
575 244
575 194
566 201
566 197
568 190
566 218
569 218
571 173
565 188
572 226
566 204
574 159
571 297
571 228
567 231
575 189
571 187
574 277
567 236
572 185
570 204
568 196
573 180
575 223
568 197
573 199
568 214
572 187
574 183
573 184
569 179
568 207
571 175
574 188
567 191
573 195
575 126
568 200
576 223
574 218
568 209
574 235
570 161
573 193
569 182
574 185
569 187
573 194
577 187
568 184
576 186
571 185
568 211
573 189
577 226
576 162
570 157
567 213
574 184
567 188
573 219
574 220
576 189
574 196
570 188
571 195
570 200
574 180
569 232
573 206
570 198
571 218
576 188
569 191
570 197
571 214
574 194
569 194
570 199
576 185
577 111
573 185
576 210
573 190
568 200
575 189
571 297
575 188
573 192
575 186
575 192
570 237
572 207
569 204
572 185
576 195
574 224
573 187
568 192
576 193
575 199
569 186
574 220
575 201
571 180
577 182
579 204
572 210
573 189
572 192
574 200
574 185
576 314
578 191
577 176
571 188
575 201
570 184
575 188
570 195
576 191
575 141
572 182
578 184
575 190
574 181
578 181
575 178
570 188
570 185
574 187
572 182
576 161
574 229
570 186
573 183
570 215
573 182
578 182
576 185
571 184
579 192
576 191
573 184
579 223
576 181
576 219
575 211
574 186
578 191
573 116
579 194
571 177
573 179
575 205
577 188
578 186
581 194
574 225
580 207
578 92
580 248
573 188
580 184
580 238
581 223
577 182
577 208
576 188
576 185
574 175
579 183
572 218
579 185
571 208
574 192
579 195
577 185
581 186
581 186
575 196
575 200
573 170
576 189
579 240
578 206
573 199
572 246
578 186
574 200
574 195
574 179
575 182
578 191
575 200
583 226
574 185
580 210
581 179
575 224
580 191
581 193
581 152
582 191
575 196
575 260
574 156
575 191
582 189
581 185
576 188
578 188
581 182
581 190
580 220
583 184
579 193
583 185
577 207
582 191
579 192
577 189
580 128
582 221
578 272
577 197
580 201
585 186
585 225
577 187
585 181
578 181
581 237
585 185
584 276
581 334
583 212
580 211
584 157
587 192
585 181
580 155
584 211
586 266
587 141
583 189
582 211
584 92
590 182
590 176
583 194
588 156
583 194
587 189
587 188
592 197
585 208
591 176
590 188
586 234
585 181
592 173
590 186
583 237
590 178
587 192
587 191
593 198
587 192
588 185
586 224
590 188
588 275
595 167
595 181
590 291
590 244
596 190
590 187
592 193
591 229
589 163
595 190
592 189
593 308
597 187
590 225
591 207
592 241
594 185
595 178
591 187
594 185
597 192
597 197
596 187
591 182
597 178
593 181
591 200
594 182
599 190
595 178
600 178
591 189
598 188
599 193
591 196
599 205
594 190
597 186
599 299
594 191
593 278
599 180
592 201
601 196
601 196
596 193
594 209
601 297
598 187
601 262
594 241
595 187
594 191
597 182
599 191
594 184
596 213
599 276
594 236
595 202
593 209
601 196
597 180
602 180
595 192
595 200
595 189
602 305
595 213
603 315
599 193
597 206
600 197
597 194
599 195
600 186
601 206
599 233
603 200
601 190
605 179
599 193
605 228
598 185
601 190
596 186
595 193
602 221
603 197
598 195
598 286
601 189
605 199
605 188
597 198
604 191
598 192
601 197
596 295
604 135
600 191
604 186
606 203
600 215
600 194
605 175
603 187
607 219
605 183
607 217
600 196
601 196
606 202
606 204
600 197
608 188
602 199
601 189
606 189
608 194
603 186
605 217
607 190
605 186
608 202
608 173
608 188
603 246
605 194
605 191
603 193
604 193
600 227
600 193
609 191
604 197
605 223
601 192
601 201
601 201
611 197
609 214
601 190
603 193
607 265
610 200
607 190
609 183
607 234
609 184
604 197
605 198
605 199
607 195
610 192
609 270
604 188
604 198
609 247
604 167
603 185
603 204
603 207
607 198
611 184
603 200
609 189
609 211
605 194
612 190
606 185
606 181
613 188
605 226
611 212
606 189
605 185
607 191
612 237
605 294
610 177
613 204
605 212
609 210
607 204
611 180
611 202
607 178
610 196
611 165
612 184
604 180
609 183
607 220
604 184
613 175
611 226
608 189
609 195
607 185
606 196
609 185
610 179
606 191
608 261
610 204
616 142
610 173
611 222
611 274
615 146
634 124
640 34
642 51